CHROM	POS	REF	ALT	AD_REF.LOW	AD_ALT.LOW	DP.LOW	SNPindex.LOW	AD_REF.HIGH	AD_ALT.HIGH	DP.HIGH	SNPindex.HIGH	REF_FRQ	deltaSNP	nSNPs	tricubeDeltaSNP	G	Gprime	pvalue	negLog10Pval	qvalue	minDP	tricubeDP	CI_95	CI_99
2	163139	T	C	277	184	461	0.399132321041215	34	27	61	0.442622950819672	0.595785440613027	0.0434906297784574	3	0.0150299684468546	0.419794641062085	0.489277131232265	0	Inf	0	61	57	-0.210526315789474	-0.280701754385965
2	163180	C	T	274	185	459	0.403050108932462	36	30	66	0.454545454545455	0.59047619047619	0.0514953456129927	3	0.0150112925413606	0.627544454354338	0.4892579399822	1	0	1	66	57	-0.210526315789474	-0.280701754385965
2	165521	T	A	243	199	442	0.450226244343891	27	18	45	0.4	0.554414784394251	-0.0502262443438914	3	0.0139449438886434	0.420142503096901	0.488162166411405	1	0	1	45	57	-0.210526315789474	-0.280701754385965
2	750166	G	A	201	259	460	0.56304347826087	57	16	73	0.219178082191781	0.484052532833021	-0.343865396069089	2	-0.343865396069089	31.2133325373877	31.2133325373877	0	Inf	0	73	73	-0.191780821917808	-0.246575342465753
3	908697	T	A	180	146	326	0.447852760736196	40	8	48	0.166666666666667	0.588235294117647	-0.28118609406953	3	-0.24596163677918	15.1324456846843	10.4317230144526	0	Inf	0	48	40	-0.225	-0.3
3	908702	A	G	178	134	312	0.429487179487179	25	7	32	0.21875	0.590116279069767	-0.210737179487179	3	-0.245961636777529	5.73100034400044	10.4317230142322	0	Inf	0	32	39	-0.230769230769231	-0.307692307692308
4	216867	A	G	244	167	411	0.40632603406326	11	20	31	0.645161290322581	0.576923076923077	0.23883525625932	2	0.234769357628301	6.65909026229103	6.43506746080154	0	Inf	0	31	31	-0.258064516129032	-0.354838709677419
4	216868	A	G	243	172	415	0.414457831325301	11	20	31	0.645161290322581	0.569506726457399	0.230703458997279	2	0.234769357594018	6.21104465931197	6.43506745891265	0	Inf	0	31	31	-0.258064516129032	-0.354838709677419
4	551146	T	C	239	201	440	0.456818181818182	45	16	61	0.262295081967213	0.56686626746507	-0.194523099850969	1	-0.194523099850969	8.65873751694838	8.65873751694838	0	Inf	0	61	61	-0.19672131147541	-0.262295081967213
4	935117	G	A	100	129	229	0.563318777292576	27	8	35	0.228571428571429	0.481060606060606	-0.334747348721148	1	-0.334747348721148	14.1956838458066	14.1956838458066	0	Inf	0	35	35	-0.257142857142857	-0.314571428571429
4	976096	A	C	231	198	429	0.461538461538462	7	23	30	0.766666666666667	0.518518518518518	0.305128205128205	2	0.305128205128205	10.9036611927636	10.9036611927636	0	Inf	0	30	30	-0.266666666666667	-0.366666666666667
6	1146405	G	A	251	187	438	0.426940639269406	25	14	39	0.358974358974359	0.578616352201258	-0.0679662802950474	2	-0.0679662802950474	0.688702124391164	0.688702124391164	0	Inf	0	39	39	-0.230769230769231	-0.307692307692308
7	36120	G	A	186	229	415	0.551807228915663	16	17	33	0.515151515151515	0.450892857142857	-0.0366557137641476	1	-0.0366557137641476	0.165333025487151	0.165333025487151	1	0	1	33	33	-0.272727272727273	-0.333333333333333
7	334563	T	C	179	250	429	0.582750582750583	31	2	33	0.0606060606060606	0.454545454545455	-0.522144522144522	1	-0.522144522144522	38.6393736778386	38.6393736778386	0	Inf	0	33	33	-0.272727272727273	-0.333333333333333
7	1219760	A	G	189	197	386	0.510362694300518	28	5	33	0.151515151515152	0.517899761336515	-0.358847542785367	2	-0.358847542785367	17.3047539339329	17.3047539339329	0	Inf	0	33	33	-0.272727272727273	-0.333333333333333
8	164962	G	A	220	190	410	0.463414634146341	24	15	39	0.384615384615385	0.543429844097996	-0.0787992495309568	1	-0.0787992495309569	0.901046157743679	0.901046157743679	0	Inf	0	39	39	-0.230769230769231	-0.307692307692308
8	1019097	T	C	249	180	429	0.41958041958042	0	33	33	1	0.538961038961039	0.58041958041958	2	0.58041958041958	NA	0.901046157743679	0	Inf	0	33	33	-0.272727272727273	-0.333333333333333
